32861529
31378246
32859517
32859125
32862111
32838832
32840217
31478697
32859120
32790971
32726087
32830547
32869848
32525717
32869456
32711068
32868908
32868651
32867580
32866769
32866485
32865767
32865365
32865080
32861361
32852355
32831278
31024700
32833719
32773138
32815810
32855101
32694511
32861971
32594551
32842401
32862568
32827218
32832798
32853089
32840793
32837070
32816941
32783442
32783895
32838251
30772339
31264924
32799568
30233244
32842566
27371984
32843561
32587121
32792485
32695029
32737823
32832522
32819402
29793128
32055745
32826002
32843035
32826251
32820883
32688707
32854150
32831050
32860070
32817412
32815365
31784987
32840686
32760439
32737889
32861871
32620535
32849887
32854073
31257043
32854746
32856024
32804615
32702693
32631245
32822492
32800084
32759708
32868826
32795900
32822311
32870858
32749595
32870980
32860486
32870948
32848863
32870861
32870847
32870818
30897975
32870737
32870638
32870585
32870273
32870239
32869983
32869817
32869692
32869454
32869443
32869392
32869318
32869218
32869167
32869027
32868658
32868511
32868399
32867141
32867790
32867728
32867752
32867519
32867403
32867383
32867289
32867204
32322224
32867005
31417985
32865284
32866349
32865925
32865937
32865783
32865423
32863926
32863014
32862396
32720474
32489533
32258611
32505777
32757826
32757901
32691334
32699135
32860253
32861342
29902616
32846087
32772293
32861693
32652564
32495020
32653861
32659023
32780702
30660134
32797789
32559542
31363988
32682236
32730371
32838673
32846984
32835369
32858109
32822605
32864631
32864709
32798715
32753770
32826936
32626362
32798791
32340596
32798619
32798734
32057871
32760676
32857625
31874144
32770347
32860260
32864548
32670311
32831425
32482359
32860054
32829316
28139511
32482367
32817198
32798995
32830251
32829295
32699997
32836000
32857652
32827329
32829314
32829320
32790479
32816634
32673825
32852087
32840113
32406577
32851159
32626102
32653860
31732071
32614879
32717911
32808804
32343027
32722277
32799301
32785965
32860962
28246119
30501940
32530476
32789295
31187715
32531303
29893740
28867380
32799465
31350214
30460220
30847940
32676452
31485223
32767237
32710705
32710072
32853249
32684472
31422770
32661353
32848935
32848264
32744987
32746426
32761271
32567756
32376756
32822493
32744589
32855927
32854444
32861351
32814223
32826288
32826921
32755802
32865485
32823618
31659102
32836462
32710265
32708773
32858766
32858526
32857662
32757934
32840865
32858681
32710321
32720412
32841885
32822033
32863871
32824686
32705068
32733730
32833888
32482380
32722309
32768408
32628551
32789745
32600444
32494711
32728437
31048632
32736984
32791679
32085126
32844619
32676456
32754343
32831931
32833458
32798348
32846506
32502039
32754087
32864755
32346261
32741052
32658933
32832144
32766506
32860314
32714055
32714498
32833578
32759048
32652560
32838637
32851200
32844643
32823811
32829475
32783164
32616394
32733171
32761527
32834518
32797702
32297623
32095174
32437032
32719752
32691705
31037215
32806582
32755431
32797700
32739880
32792590
32797683
32794570
32848186
32688762
32697979
32754131
32760339
32862038
32853141
32858686
32821685
32795910
31305691
32746577
32855827
32785782
32836757
30592354
32854260
32135695
32785167
32825716
32051293
31417959
32835584
32861958
32836623
32738551
32803052
32851715
32738984
32857319
32393795
31910077
32731363
32719404
32828260
32846335
31423423
31467272
32757649
32850943
32835510
32836537
32799353
30335505
32714722
32807516
32703051
32788531
32857669
32792752
31986216
32806071
32586701
32754113
32338404
32699917
32836105
32285594
32716919
32483683
31928170
32576817
32848388
32824981
32843848
32664672
32708274
32863933
32726666
32796102
32861857
32842638
32729925
32799008
32261724
30707997
32708397
27875115
32710568
32820401
27472818
32842386
32822087
32802984
32658959
32855561
32848852
32857342
32751247
32781644
32822585
32862044
32625369
32354548
32710376
32779926
32843157
31274845
32589976
32842404
32412354
32830419
32823679
29580311
32628008
32774410
30700195
32764891
32688306
31304605
32747801
32624010
32640563
32854114
32846812
32864173
32802973
32812170
32861244
32671082
32789622
32841122
32857183
32630401
32850166
32827445
32640320
32818632
32732094
32856981
32863542
32740351
32508716
30700226
32852505
32772775
32841652
32858572
32735617
32722901
32836003
32865096
31039188
30044630
32851745
32711048
30699159
32549232
32713380
32483685
32166344
32849285
32850180
32649397
32860553
32835965
32622136
32740816
32715614
32792588
32848778
32715618
32856408
32703856
32841873
32713007
32840934
32835946
32688375
32776053
32853699
32613697
32049926
32823527
32626662
32830955
32337917
32858631
32848418
32808698
32820207
32745150
30167501
32774481
32802786
32840640
32064831
32864266
28464675
32717397
32855830
32777232
31133146
32804403
32506072
32773640
32833016
32708410
31623522
32305441
32743387
32808484
29094962
32808201
32852437
32861497
32861501
29947612
32810997
32493103
32752316
32799797
32834110
32626746
30999999
32420765
32845863
32806963
32806874
32843158
32713669
32631069
32861782
32803435
32801974
32864291
32583198
30766774
32856588
32236076
32259243
28422505
32794634
32660465
32839849
32841375
30271044
32828706
32828251
32797233
32834793
32843301
32711307
32864489
32732581
32807206
32814738
32787125
32851222
32836208
32834034
32801143
32820762
32820963
32810273
30647524
32824281
32675155
32731990
32483586
32771122
32764541
29848024
32218455
32586935
32609782
32693191
32606149
32788999
32829970
32691571
31595725
32842922
31307001
32749613
32859378
32708997
32737872
32857711
32778854
32228839
32695504
32779058
32839092
32830289
32627336
32051419
32670132
32717404
32771048
31305012
32725754
32758099
31907592
32158367
32018000
30704061
32823249
32650871
30144016
32680661
32830677
32446116
32747618
32855201
32801907
32816785
32764805
32841933
32864516
32727560
32841899
32360933
32758986
32857034
32719710
32837584
32725155
32801986
32754236
32757933
32833996
32625408
30224094
32851490
30540717
32855941
32755641
32854723
32857546
32810344
30315209
32817860
32770725
32857979
32830609
30818471
32842186
32698265
31668794
32586652
32729621
32819593
32415317
32851301
32489841
32858228
31793411
31211815
32733668
32636685
32195420
32850847
32854720
32833017
32813699
32844652
32803222
32776169
32707381
32255440
32288682
31872788
30562857
30551271
32706194
31164564
32695626
32694853
30609465
32669022
32762558
30704071
32818607
32857887
32825759
32847762
32839002
32671207
32806138
32809247
32564315
32799299
32826797
32641263
29674611
32737125
32864460
32565029
28332637
32763926
32863220
32758248
32759869
32779932
32726067
32841988
32858491
32699695
32780643
32724989
30541171
30714301
32724988
32689694
31388908
32658699
32862512
32764895
32834531
32764911
32796787
32855209
32836693
32850944
32167650
32373645
29448106
32837229
32844123
32871028
32470187
32870981
32313468
32870919
30579261
32870923
32053278
30085554
32793916
32870910
32867279
32870892
32049315
32870694
32803936
32870558
32666203
32870517
32652043
31894411
32363837
32870428
32341561
32870431
32447348
32870334
32307453
32870319
32304696
32870322
32302286
32870303
32214944
32870186
32022438
32870180
31998942
32010016
31991395
32870066
31949573
32870046
31949365
32870037
31872206
32870029
31707886
32870023
32751362
32869900
32710931
32869877
32723270
32869811
32869940
32869760
30340673
31798846
32759689
32869703
31040850
28495876
32869522
32408108
32869446
32856848
32719232
32709341
32869331
32539300
30450599
32853279
27904848
32459181
32869024
32348473
32868930
32831824
32869119
32869035
32869111
32869057
32868918
32868779
32868674
32868553
32668137
32868331
32867317
32865100
32868083
32868077
32868075
32868072
32867978
32867964
32867892
32309798
32867808
32867807
32867806
32867780
32867779
32867753
32867748
32867744
32867717
32867716
32867713
32867684
31628553
32867611
32867586
32867538
32867553
32867541
30379406
31314725
32867339
32867258
32867117
32867142
32867036
32867125
32867134
32867122
32866750
32867032
32866567
32121297
32866718
32645176
32866538
32865312
32866490
32866461
32864685
32866391
29579902
31347195
32866133
32864853
32866076
30853975
32866016
32866014
31880137
32865975
32865744
32828243
32865426
32865420
32863568
32865273
32864993
32864665
32864273
32864249
32859008
32864009
32863770
32862141
32860906
32862831
32864129
32651797
32069482
30653870
32016877
32593871
31941470
32839851
32688452
28618079
32840172
32858964
32780211
30679379
32863762
32693733
32860066
32863657
32860476
32861739
32860252
32862438
32773856
32865453
32858932
32847450
32860444
32407604
32237468
32784101
32788428
31337569
31591840
32369480
30710378
32805284
32782980
32755211
32655310
32862685
32863235
32098902
32740956
32855018
32857832
32826146
32856414
32829920
32740057
32643435
32703214
32860227
32784698
32638246
32834248
32787623
32294312
32757900
32766830
32588642
32429079
32687595
32780537
32727238
32101999
32831143
32064467
32836134
32865952
32769853
32730764
32806681
32855822
32669884
32806667
32775665
32722316
32594228
32777992
32831005
32412702
32751214
32684336
32834247
32824374
32834246
32804806
32834448
32834266
30655288
32373286
32299845
32672455
32834269
32834450
30510949
32807916
32758001
32752255
32586587
31958216
32815499
32771534
32845794
32851165
32841290
32700760
32811191
32852584
32753838
32836439
32724446
31504760
32683281
32812382
32861574
32764920
32764176
32423755
32795925
32648299
32668553
32788280
32788269
32584006
32165332
32837880
32861240
32816908
32723675
32748346
31756271
32801059
32613112
32801058
31782691
31816759
32810691
32293857
31397257
32296899
32507203
32827358
32646950
32779992
32748441
32634990
32282524
32855954
32854829
32676789
32678713
32799309
32843987
32839792
32859462
32850356
32635296
32763649
32851547
32846238
32864581
32856830
32631606
32209433
32790476
32833781
28612599
32767886
32844014
32863984
32850241
32735428
32853815
32828379
31887322
32770643
32865502
32855982
32301933
29044788
32407985
32792887
32682379
32844862
32819541
32662525
32864282
32860196
32826661
32847721
32710525
32704098
32785395
32233950
32864384
32738812
32842141
31762449
32830453
32864727
32840844
32798053
32762536
32835431
32850528
32848499
32825619
32783075
32834434
32833655
32850844
32861337
32836126
32829529
32836087
32850297
32798295
32833969
32121232
32779818
32832855
32649737
32648039
32832834
31922838
32690742
32841282
32757779
32852333
32819518
32764870
32865796
32824097
32751436
32719778
32652497
32785627
32772392
31989739
32781133
32840852
32838857
32835481
32831581
32747867
32826684
32547898
32803372
32847577
32833056
32851923
32859489
32809877
32864901
32794574
32845051
32446348
32857333
32865588
32861247
32183635
32820962
32840020
32846387
32788907
32625458
32841129
32704048
32772985
32794558
32852268
32866310
32734511
32787025
32853713
30817370
32774358
32688154
32762070
31390478
32786360
32771657
32719760
32718996
32671081
32685014
32791672
32360365
32851113
32667866
32750008
32160193
32209984
32740162
32327893
32613733
32796518
32820756
32722782
32615439
32859685
32822649
32859442
32829449
32838234
32848640
32865685
32745899
32569623
31161076
32799657
32845225
32865653
32841574
32846002
32803329
32809767
32834820
32859458
32720415
32726449
32737101
32552234
32726169
32372347
32859638
32861915
32659580
32644962
32845919
32838674
32709714
32764167
32826626
32685628
32849069
32795399
32180238
32585878
32854616
32819204
32680249
32647712
32430746
32811702
32756789
32656159
32752152
32621385
32765264
32861120
32815698
32844011
32777333
32822526
32861725
32839333
32833608
32726257
32736454
32850830
32841124
32788249
32827418
32638442
32863019
32837063
32816513
32715698
32831502
32828445
32318143
32715458
32258653
32681701
32519023
32754093
32580864
32637427
31774937
32738780
32747583
32249130
32860990
32461345
32586727
32360424
32760703
31568763
32739180
32087531
32847597
32736631
31633200
32160155
31917707
31860866
32519069
32813804
32830335
32838989
32707651
32445875
32862769
32785899
32820641
31859881
30798969
31640240
32827820
32796594
32803912
32758657
32803353
32769732
32629559
32827542
32849224
32694522
32694479
32803349
32850315
32860647
32803980
32770848
32849320
32850870
32753313
32646980
32848290
32729933
29737546
32770776
32785128
32849648
32855642
32425254
32846276
32813070
32857721
32860365
32845574
32848978
32859718
32829054
32843201
32858996
32836452
32857273
32854803
32561983
32780780
31294727
32486981
32417351
32863337
32852509
32794820
32809736
32750555
31431408
32864309
32863203
32742386
32824515
32754818
32861662
32865017
32859257
32634346
32861860
32803131
32523100
32822770
32832755
32820726
32851903
32847488
32797271
32842368
32822541
32847772
30156444
32831549
32832757
32751891
32854866
32793409
32808920
32768258
32823026
32786449
32668543
32799964
32634071
32623500
32765090
32855304
32835229
32857794
32678569
32820331
32857423
32849324
32825097
32840484
32780785
32855792
32849528
32706161
32854984
32764163
32825053
32855116
32863221
32595663
32279965
32863094
32770510
32730212
32588911
27907404
32707520
32814416
32671692
32795482
32399743
32746212
32745820
32676815
32863233
32416768
32777952
32851418
32776321
32848470
32710800
32768386
32848632
32287876
32752709
32819861
32364776
32850014
32018903
32380399
32755031
32858900
32663479
32819615
32864382
32845004
32840368
32169458
32761275
32768215
31911574
32846677
31408799
32758665
32220172
32657563
32302225
32708990
32489467
32755909
32458120
32363917
32484290
32564994
32341539
32778558
32166030
32370783
32354760
32738163
32760341
32690715
32313436
32800858
32475636
32688309
32392804
32652044
32672272
32196017
32759388
32372077
32494650
32846305
32475674
32060237
32792334
32278964
32751795
32814494
32843096
32783231
32390062
32797427
32657389
32756246
32769534
32786797
32858569
32720736
32816565
32778930
32262578
32735342
32750477
32790009
32726734
32770771
32814635
32804227
32723009
32756776
32864094
32773235
32806381
32806974
32714250
32809757
32859521
32773164
32799959
32525451
32794856
32761626
32863750
32830669
32762804
32857145
32855663
32784760
32824872
32846417
32811796
32769115
32858331
32830765
32320242
32787071
32756241
32846261
32779446
32701878
32863849
32718197
32859158
32815658
32864040
30526539
32628491
32638622
32547594
32863753
32733438
28336600
32862695
28016161
32694822
32779844
32802296
32737876
32863481
32842845
32643415
32797942
32857054
27801413
32863448
32762645
32850734
32669018
32864924
32814699
32863198
32865604
32863461
32840491
32796695
32762582
32860565
32824293
32740830
32804851
32812682
32735328
32691041
32820836
32602656
32776751
32860125
32794082
32856715
32854649
32842726
32803423
32801839
32713836
32799624
32836254
31799738
32763723
32843886
30284330
32852548
32722683
32744499
31019341
32854119
30588124
32797213
32738645
30284397
30284491
32827084
32756451
30284475
30400785
30495092
32845775
32847268
31454768
32828852
32843683
32395909
32839260
32831870
32846057
32526829
31509166
32800865
31507569
32580587
32844608
32832999
31507580
31507670
32646807
30296341
32860002
32813527
32556948
32173012
32811384
32780739
32784249
32862371
32864414
32792306
32847196
32862302
32842734
32822924
32845133
32840788
32828760
32862090
32779496
32816298
32852969
32825269
32825215
32633257
32742001
32864132
32113592
32780728
32354765
32824899
32857895
32526832
32855956
32838284
32846463
32855612
32749048
32820364
32658949
32819493
32859502
32786911
32724966
32851775
32765875
32850479
32202547
32837817
32843849
32602657
32833687
32263826
32833653
31972072
32740340
32630197
32575094
32307449
32766765
32117223
32341540
32785498
31895916
32810107
32784376
32354730
32104863
32763149
32800185
32814403
32766869
32825115
32748767
32825747
32820441
32833910
32725005
32764413
32849498
32018368
32677124
32636225
32808313
32852960
32816144
32838327
32708633
32345603
32767530
32712053
32730384
32854126
32398610
32290504
32725182
32764395
32846471
32864219
32702513
32864008
32630011
32696035
32770763
32807246
32681224
32819082
32854789
32395467
32704153
32735452
32765227
32856975
32843607
32773893
32776961
32856948
32613454
32807370
29813179
32839218
32808159
32847153
32664512
32849370
32490868
32861607
32860613
32772939
32712643
32029760
32725265
31790673
31943359
32800822
32676879
32844058
32787997
32716336
32722523
32862486
32809981
31937936
32864987
28650908
32865236
32684776
30532809
32835841
32862583
32702518
32774375
31939690
32396234
28130733
32854478
32822642
32815173
32840162
32865610
32822295
32692715
32725959
32850939
32863447
32863488
32851528
32834313
32844393
32825921
32830067
32838453
32863388
32857010
32830213
28422477
32852375
32858748
32735133
32842197
32863385
28918906
32852801
31776255
29963312
32607458
32674793
32783908
32792593
28250863
32683606
32651331
32105116
32859511
32669170
32783838
32765572
32850637
32867359
32852136
32739185
32726032
32724787
31830849
32860161
32842259
32847937
32808292
32677216
32813841
32863869
32657129
31800203
32555820
32780811
32818390
32722531
31830736
32559688
32801544
32756097
32290378
32861327
32715456
30697250
32739817
31612767
32633996
32672752
32739995
32401060
32859850
31723636
32764245
31290180
32846956
32741363
32863603
32750548
32789140
32832702
32746104
32862201
32863227
31880671
32753928
32252460
32649036
32862270
31739259
32838332
32526830
29217638
31517900
32863389
32830135
32863386
32814251
32774996
32576032
30834838
32800685
32795092
32693244
32793508
30707204
32620137
29708110
32586782
32243796
32715678
32715260
30277471
32715877
32630985
32736585
32386159
32722834
32360654
32534196
32777433
29053192
32853139
32215084
32581220
32843369
30485418
32744385
32669088
32802613
32737908
32669017
32669079
32695081
32669108
32694870
32694877
32762589
32792507
32762755
32778833
32669021
32762641
32694785
32737894
32738066
32694868
32694975
32737920
32737891
32694963
32737834
32737873
32737902
32813662
32669086
32762677
32669067
32762550
32767804
32669125
32669071
32767845
32655682
32694989
32695409
32669075
32778826
32694894
28095269
32695010
32737926
32737844
32669016
32847469
32642055
32694883
32695098
32694867
32694836
32694872
32737939
32816766
28095273
32669069
32655866
32695338
32694965
32837651
32695583
32694897
32851511
32694970
32694964
32844613
32694945
32669103
32694961
32858127
28095268
32737917
32655916
32737964
32694748
32669055
32695329
32792488
32760813
32844948
32684492
32811247
32519815
30804479
32851461
32145459
32813260
32821521
32813272
32773986
32839114
32861339
32849398
32819144
32847588
32856399
32362245
32821199
32819748
32722701
32789793
32670872
30095710
31922317
31813665
32707815
32734705
32507868
32854991
32508806
32857775
32764194
32857776
32526827
32820232
32849511
32852973
32625515
32713489
32320244
32403042
32635203
32403048
32839809
32849488
32698724
32710476
32665314
32851156
32526835
32700556
32847119
32721992
32835155
32697710
32840589
32789837
32305967
32679465
32682697
32744525
32281010
30802069
32710288
31698534
32727578
31067158
32776089
32107514
32818747
30069917
32436432
32619876
32762564
32796929
27421463
32546715
32694841
32800220
32819096
32652368
32852131
31300492
32813696
32752451
31795187
32541278
32835231
32825140
32057218
32064154
32777447
32839744
31325408
32840790
32831130
32828688
32405968
32831789
32824743
32857846
32828694
28244013
31291178
32846626
32839885
32777545
32055887
32839399
32839732
30364897
30419582
32777423
32777472
32859063
31955280
32830821
32822371
30854052
32832656
32845515
32860067
32838324
32853124
32838980
32845883
32840066
32787492
32821644
32847790
28245515
32848692
32830560
32850474
32853178
32849240
32828370
27930214
32830396
32855809
27801284
32841982
32600098
30467655
28663828
31875548
32511842
32852170
31074330
32859127
32861183
32409129
32665190
32863794
32701277
32787235
32704691
32862538
28684240
30362785
32775882
32755247
32864762
32593721
32832892
32862479
32863513
14060
29665777
31105702
32766734
30475067
32730691
32852061
32829155
32853333
32830781
32107150
32821790
32667469
32844914
32847980
32837887
32783979
32850348
32135993
32849783
55767
30967244
32828300
32843538
32844762
32856908
29814944
27421515
32812935
32081039
32090687
32764137
31731484
32828605
32831696
32640300
31678105
32733867
27251956
32519127
32404032
32812751
31015131
32627252
32850145
31758863
32767615
30840676
32811551
32749357
30848980
31013068
32526851
32819801
30048341
32750168
32844385
32221364
32612273
32118846
32766768
32097881
32689632
32835190
32098010
32566659
32694863
32806880
32737892
32669057
32669014
32767884
32668975
32460765
32862368
32694862
32669094
32762680
32694942
32864458
32738049
27800862
32483384
32695057
28073888
32164234
32694874
32669064
32779967
32737832
32681689
32351767
32835013
32862430
32669005
32669013
32694786
32762590
32669019
32762597
32762566
32764392
32694865
32694860
32737936
32694783
32655851
27898249
32737840
32417743
32767828
32694871
32668976
32694958
31442956
32416341
32390899
30135844
32378372
32863647
32818986
32566512
32629401
32691983
32315810
32730794
32722867
32711093
32711716
32688131
32371497
29764278
32725160
32845987
31948781
32758246
32326593
32722771
32222224
32680122
32770281
32752496
30488147
30868549
32774273
32761683
32230377
32781309
32816893
28358310
31929175
32798069
31281462
32526836
32374199
32058856
32526833
32802131
32269229
32762676
32762681
32526839
32293758
32526837
32526834
32772140
32582328
32403047
28054218
32783973
32628357
32772119
32694951
32526831
32526838
32059003
32657147
32860532
32174164
32842324
28396816
32802776
32805386
32758329
32766000
32829543
32812394
32799549
32334006
32813252
32846873
32787624
32680464
32403045
32863098
32603404
32862967
32312919
31948603
32158804
32818919
32590746
32790169
32509507
32393291
32403046
32722022
32831554
32850031
32849922
32763141
32767291
32386114
32638997
121458
32848089
32853745
31010898
32129414
32831805
32841112
32820903
32837963
32500788
32856850
30762238
32844467
32855596
32086096
32768987
32839215
32839154
32842594
32825103
32820072
32851249
32826542
32818552
32851859
31269054
32677367
32388761
32842183
32837759
32108755
32855895
29819465
32427337
32638996
32854357
32854682
32837466
32828604
32834103
32848370
32822453
32855715
32856814
32852027
32032180
32155370
31508503
32493561
32684292
32765140
32771444
29923230
32812670
32746795
32628331
32772125
32715401
30491157
31151246
32316545
32726658
32870251
32870063
32869881
32868961
32867950
32867870
32866407
32770080
32850330
32680506
32846658
32857132
32751839
32850579
32651116
32776261
32865469
32865479
32050099
32828811
32786164
32712491
32605757
32849007
32857413
32822804
27231577
27426711
32865665
32498498
32842639
32806438
32836300
32735340
32794971
32695167
27653463
32713671
32738203
32354634
32857172
32832986
32842717
32772931
32124147
32862546
32857764
32838379
32847810
32793898
32661116
32835700
29052479
32739104
29167650
32722703
32834272
32738011
31534653
32665315
32858609
32584391
32841834
32848819
32849683
32787213
32669697
32633107
31680990
27016096
32775386
32710445
32606499
32867931
32867597
32525419
32621373
32849821
32802262
32646586
32625465
32476900
32274762
32833173
31784929
29328861
32853934
32787103
32790509
32376992
32763136
32328671
32869428
31811822
32708935
32073149
32863457
32786125
32842053
29347516
32845806
32778550
32546803
32801670
32833387
32863251
32854599
32777256
32445813
32703144
32816381
32678801
32862610
32072704
32836741
32632571
32780595
32797217
32864194
32815157
32862634
32751812
32801119
32853121
32819071
32743244
32823895
32690667
30050882
29928066
32777309
32446970
32795053
32789400
32851731
32855963
31721962
32851636
32809873
32856996
32683032
32862158
32087432
32744941
32784659
32649916
32837425
32854697
32838398
29993790
31810350
32780312
32752888
32384510
32314108
32434395
32870298
32869642
30701834
32866370
32788662
32793372
32843372
32772952
32778592
32783177
32843540
32843526
32769562
32809901
32775691
32852889
32847195
32510811
32859191
32864216
32728999
31962541
32807606
32689445
32857675
32853251
32518937
31325160
32865678
32500877
32674800
32745567
31135690
32748034
32853012
32828307
32835713
32853238
31496908
31491852
32802050
32847877
32752880
32799068
32348992
32857516
32832204
32828974
32845071
32845062
30968919
32475386
32748414
32708946
32832045
31287181
32593870
32660316
32678552
30985283
32539710
32870683
32645532
32870401
32870363
32869910
32869707
32869235
32868665
32868212
32868161
32867969
32867936
32867256
32867206
32866954
31492995
32672440
32699760
32853892
32813113
31861284
32823326
32723292
32820676
32664057
32822689
32790505
32860561
32829297
32829804
32748340
32219637
32785967
32865024
32573556
32642987
32814100
32859232
32711103
32774549
32774553
32783470
32811076
30846650
32703634
32788310
32807533
32778203
32846625
32844324
32798836
32527472
32303937
32234157
32590129
32865656
32592353
32734834
32825059
32813882
32827966
32844322
32850206
32802792
32596668
32667823
32838042
32690769
32855140
32862154
32861109
32865647
32392145
32794812
32710247
32791757
32598286
32844831
32792498
32857403
32768418
32854791
32578637
32797434
32684697
32684676
32600968
32467513
32832548
32805017
32862909
30484106
32856992
32776191
29697219
32853857
32842181
32868094
32768262
32838752
32854646
32610265
32820298
32790995
32857260
32724072
30861579
32713539
32849397
31083866
32759053
32618747
31339136
31483448
32304157
32453609
32077018
32198396
32831093
32628515
32797301
32624328
32814402
32836196
31391321
32827576
32862142
32803814
32853596
32674477
32849589
31099271
32783695
32600832
32123399
32820026
32737941
32669049
32846215
32695571
32767800
32850295
32638492
32809424
32798524
30480444
32845044
32708981
32796180
32754205
32827804
32820150
31819641
32671005
32828867
32864724
32863935
32427672
32802233
32261822
32818750
29678449
32762685
32852212
32783524
32695129
28548646
29344582
32615147
32750912
30098254
32719629
32810453
32582168
32847660
28902646
32747093
32854801
32847016
32824676
32217262
32729135
30470176
32679228
32810269
32779515
32797733
32748565
32845702
32819516
32821650
32581314
27947515
32686769
32870918
32870793
32870261
32870002
32869839
32869320
32868517
32868287
32868135
32867430
32867319
32867115
32867056
32866426
32866150
32865570
32865804
32863976
32169666
32862420
32841727
32270385
32607508
32846509
32856694
32861896
32567560
32861577
30658054
32842066
32860026
32723873
32639308
32860886
32772933
32737448
29706650
32835550
32756723
32720608
32825317
32626345
32834078
32779690
32791220
32860064
31803448
32759540
32804414
32864241
32735325
32785336
32592857
32859106
32857930
32778405
32807633
32778348
32690743
32691098
32698656
32781445
32835272
32865159
32444068
32856492
32135967
32703685
32828359
32816045
32852605
32865106
32852971
32713313
32729488
32756150
32815177
32717107
32864043
32827365
32865301
32848185
32859432
32733732
32860525
32562760
32848793
32820392
32852916
32852863
31960778
32786780
30690458
32861606
32524475
32828616
31944671
32760101
32853281
32244510
32738015
30757282
32860509
32522935
32856757
32859837
32404485
32754391
32695007
32669063
32669061
32820719
32694976
32655875
32428458
32842180
32747247
32863096
32608478
32828778
32846698
32482184
32821042
32675466
32856933
32782561
32844512
32704888
32862390
32849977
32833438
32828512
29941353
32844699
32820837
32810918
32863225
32669062
32006569
32839250
32740311
31466605
31752447
32412018
32649312
32749618
32849387
32824156
32830492
30114551
32850189
32815887
32849845
32857261
32716038
30768403
32817646
32759118
32840116
32828345
32813350
31145316
32729630
32815436
30196599
32701830
32641982
32864555
32705319
29362537
32855127
32854416
32787344
32870209
32867584
32844185
32846905
32596381
32797236
32806736
32800863
32735558
32844637
32801296
32753488
32698302
32800857
32830237
32863816
32860932
32817350
32857009
32841121
32859088
29353248
29087268
32683100
32817164
32821739
32853832
32846689
32767268
31263264
32869597
32869610
32867592
32865486
32650235
32487026
32613459
32859366
32840991
32361819
32859479
32733991
32788140
32753115
31109900
32407120
32753269
32830937
32807404
32411948
32833566
31533774
32858600
32821956
32837214
32838620
32852029
32862233
32800510
31428536
31995097
31069808
32658632
32720689
32748785
32853662
32593332
32778835
32812835
32320241
32784806
32354715
32824309
28845077
32742089
32831872
32845925
32796586
31651437
31280663
32801056
32767334
32863468
32694861
32737937
32652511
32734122
32719579
32867153
32836255
32848071
32627955
30391926
32721408
32820262
32842675
31811720
32532716
32852918
32857347
32773657
32674021
32830410
31557950
32845780
32663952
32780529
31528828
32719631
32871279
31884771
32260191
32715719
32845964
133999
32733657
32669070
32096988
32852573
32852366
32847072
32858482
30769847
32274462
32845272
31375889
32774841
32871085
31944646
30434102
32860256
32830436
30800372
32797829
32694876
32871357
32871217
29693039
30943312
32736708
32610980
32720414
32861685
32730265
32701300
32836336
32837986
32623049
32814395
32751719
32244365
32816278
32757807
32841455
32737857
32823486
32842619
32808169
30792250
32455797
32710156
31932217
31748038
32851038
32834270
32650820
32866458
32859892
32727031
32860471
32855950
32871103
31834088
32862231
32824883
32859163
32834798
32816173
32731413
32861994
32295727
32671336
32832104
32816260
32492549
32322188
32786649
32695541
32695526
32695540
32695529
32695525
32695527
32812049
32168103
32774014
31414220
32168151
32694847
31376939
32476280
32541776
32541778
32541807
32541779
32541777
32541781
32541766
32541772
32541767
32846808
32849749
32694403
29781479
32776039
32768817
32724724
32322070
32613800
32848944
32869716
32869348
32539688
32757056
32865199
32808348
32861597
32779421
32833418
32740551
32747675
32721003
31488407
32862383
32097013
32629812
32807637
31247079
32869284
32861894
32840117
32169269
32844062
32829871
32857008
32800548
32849557
32837857
32824593
32837767
32524380
32817463
32817161
32626759
32022628
32764285
32802576
32803803
32822286
32870688
32861626
32870607
32869376
32868560
31293800
31291242
32868261
32864130
32867072
32866899
29386147
32866439
32865962
32518720
32865497
32862205
32831928
32628850
32830430
32625231
32854288
32854756
32832062
32855711
32781795
32830243
32782932
32808835
32850731
32640492
32846641
32848183
32770055
28094306
32687780
32846376
32856052
32824767
32861461
32798040
32831986
28291131
32783302
32737063
32852071
32682678
32663960
32791380
32634315
32857286
32864977
30499831
32526294
32855667
32861493
32816772
32816752
32816718
32816753
32747656
32862020
32847678
32864087
32847690
32795039
31898589
32596218
32823947
32791983
32859882
32838875
32806077
32794112
30716429
32832918
32839791
32614146
32810094
32804924
32586828
27800794
32836753
32824364
32835728
32828759
32816698
32794881
32865565
32859480
32819834
32829025
32863721
32774180
32774076
32774183
32774136
32856397
32764744
32738430
30983502
32862666
32851007
32217555
32330206
32844559
32850280
32849997
32853718
32568755
30674449
32858100
32720948
32855716
32581289
32738620
32836974
32477935
32823264
32831169
32781505
32791547
32831260
32859736
30938981
32678682
29551022
30209376
32830864
32785328
32850735
32010235
32828442
32801329
32759503
31520986
31391047
31815961
32390668
32650779
32850028
31751504
29074026
32783444
32766235
32807733
31943198
32342136
32541792
32655860
32514951
32853239
32860423
29397373
32481499
32743727
32850439
32853421
29866136
29500575
32845562
32840511
32552402
32578099
32771930
32178046
32833921
32352768
32772875
32794671
32256231
32716214
32710600
32728027
32840599
32322127
32870472
32861185
32847338
32862889
32735241
32766539
32801161
32853904
30193225
32855683
32871281
32869114
32871199
32871061
32870997
32870985
32870777
32870783
32870741
32870731
32870708
32870707
32870678
32870705
32870676
32870631
32868804
32870561
32870464
32870351
32870184
32870078
32460854
31362370
32869782
32869687
31466976
32869489
32869295
30458005
32869273
32869244
32869176
32869120
32375350
32869043
32869032
32868977
32868907
32868836
32868766
32868699
32868551
32868519
32868177
32345883
32868096
31547097
32867831
32867617
32867593
32867439
32867360
32867023
32867058
30632334
30632345
32866947
32866910
32866754
32866681
32866590
32866582
32337697
32866474
32866500
30489104
30489163
32864423
32866464
30478817
32866460
32369158
32866452
32366010
32337664
32322857
32374123
32514738
32333562
32865808
32865378
32864308
32864088
31875046
31784913
32865105
32865157
32540599
32869676
32864855
32854303
32844355
32864507
32781184
32297702
32098133
32753748
32864036
32294064
32643399
32853853
32755280
32851339
32774068
32861236
32561178
32732854
32561181
32667914
32762729
30868193
32708020
32560810
32834581
27620845
29339895
32826961
32731457
32171809
32827051
32171840
32836727
30392180
32808376
32848788
32171823
32171796
32827050
32827048
32827046
32843412
32171806
32706041
32859045
32401320
31987787
32851934
32732245
32543349
31806441
30842116
32860980
32866183
29447790
31953207
32800265
32396735
32525244
32829803
32829838
32565793
32853579
32796417
32839380
32688006
32725706
32856211
32791020
32808872
32855986
32856014
32838739
32407813
32838761
32494831
32834217
32864306
32862163
32746739
32749656
30570458
32772557
32785695
32767339
32859104
30010714
32691585
32777981
32851933
32832530
32829420
32832379
32829410
32691087
32832053
32807564
32804568
32804649
32854460
32853661
32338393
32688021
32314627
32831509
32777177
32752162
32863502
32862418
32736854
32831016
32629154
32826914
30780041
32803318
30457838
32849663
32840812
32861372
32460707
32854139
32861371
32861370
32854136
32861363
32768399
32864034
32840805
32737249
32859873
32858821
32861563
32809426
31778326
32205432
32713476
32839280
32854634
32853214
32437500
30404868
32639323
32852080
32833595
32786215
32833417
32736817
32860120
32862598
30187730
32783718
32778279
32847480
27593196
30569583
32856004
29065354
28963651
32783717
29674859
32836657
32796844
31632473
32848416
32858386
32861475
32850989
32785032
32719009
32787162
32849497
32754811
32540318
32797793
32777205
32840029
32840040
32592906
31670765
32822095
32259184
32840041
32154061
32261742
32857614
32839702
32839251
32836498
32853724
32804223
32853552
32749594
32859220
32862475
32806170
32826806
30773629
32862017
32846786
32846795
32829239
32779775
32840042
32840028
32578493
32855607
32857234
32823188
32862425
32864688
32851158
32725951
32852028
32826805
32202465
32859237
32859219
32296310
32802575
32861173
32745232
32859217
32381516
32859242
32696613
32767269
32859238
32859233
32774110
32653540
32774131
32847491
32737311
32841026
32803584
32825418
32826209
32859572
32697182
32828200
32834614
32707063
32841856
32865397
32748806
28957865
32846826
32668323
32860955
32454954
32040216
32639965
30402323
32541906
32133040
26971110
32263855
32814432
32865635
32859336
32830226
32540333
32859875
32465005
32576531
32775516
32859867
32640499
32210923
32634118
32864259
32741541
32173856
32684426
31873303
32512760
32095990
32765135
32739796
32365490
32332669
32751248
32824528
32748092
32745900
32756620
30345483
32579295
30342458
32864857
32754380
32778371
32657879
32621920
32774236
32748402
32818480
32791844
32734833
32633274
32370528
32382627
32769412
32801231
32846722
32811469
32805417
32818391
32355998
32805134
32359020
30559139
32851551
27912814
32396387
32858158
27801355
32820236
32735575
32850645
32853209
32839667
32304478
32337820
32853567
32294122
32514756
32856046
32402308
32433801
32514925
32636684
32291578
32352221
32352279
30820888
32851575
32352297
32348413
32369033
32366007
32807015
32845381
32774174
32186430
32363546
32233368
32854125
32774077
32852288
32798685
32691425
32864949
32810993
32849474
32692606
32692635
32865039
32847879
32854456
32692599
32833117
32793838
32554690
32810750
30456343
32851975
32837884
32840534
32788411
32850278
32801977
32603572
32865360
30649622
31222619
32643398
32700492
32808328
32823454
32774160
28966231
32807939
32774165
32774149
32819127
32845123
32774152
32774130
32833972
32695914
32674735
32801984
32794879
32790159
32840431
32683555
32488409
32645368
32817728
32693709
31071528
32738067
32742904
32781724
32777068
32839848
30454658
30683050
30457752
31293857
32811418
32853620
32851659
32836329
30509009
32859333
31067275
32863487
32823902
29712039
32820523
32858445
32801286
27829833
32838291
30399203
32528600
32827360
32286142
32835113
32777105
32489577
32861208
32850340
30611462
32850029
32749016
32606596
32702322
32846302
32868256
32825112
32787950
32784991
32825114
32825113
32863851
32862208
32551557
32862235
32450001
32857080
32296399
32372621
32856788
32514790
32422963
32352086
32865605
30905542
32858399
32695637
32843749
31586915
32489123
32789344
32142044
32465936
32719115
32463103
32491992
32801272
29813575
30689177
30454962
32418787
32852782
32645980
32540545
32655955
32669096
32669097
32695366
32737826
32695397
32655882
32695547
32694959
31769899
32812047
32694969
32737925
32737988
32655891
32655938
32655960
32655881
32669068
32695399
32668922
32655890
32762665
32695008
32695613
32694972
32695120
32655954
32737938
32655956
32695022
32655920
32695362
32655940
32669003
32694859
32655945
32694971
32655942
32767831
32762516
32694789
32655883
32668921
32655898
31583110
28764453
32655944
32737877
32655914
32737918
32669054
27822304
32655885
27936866
32762683
32762568
32694988
32695289
32767893
32695030
32694852
32842231
32845585
32618991
32830305
32846330
32480567
32845669
32480610
32834180
32838435
32127722
32831669
30429793
32463270
32803531
32463204
32849367
30457843
32816601
31206432
32845061
32635195
32846615
32552473
32020898
32581300
32774169
32746874
32673362
31573657
32850991
32389108
32863140
32831871
32761283
32626794
31807433
32772753
32466729
32466787
32466786
32119236
32466820
32466774
32466754
32466776
31226614
32629523
32466767
32852787
32784410
32558764
32071512
32466788
32558784
32706898
32466768
32784411
32784388
32784421
32822163
32851656
32852824
31992958
31193350
31300223
30708247
30641061
32850787
32410098
30548434
32830541
32854635
31439099
32846050
32850666
27566934
32839658
32803229
32835112
32818138
32820179
32853103
32323017
32784117
32131057
32846775
32862619
32520550
32852804
32521618
32830304
32861540
32830306
32788624
32865235
32094985
32788811
32791266
32864796
32854021
32862405
32862945
32864212
32374211
32074141
32696564
32664677
32862303
32733297
32689354
32830307
32846343
32679662
32388261
31956707
30646608
31571780
32858538
31936989
31842664
32828226
32296902
32824036
32844070
32793468
32850234
32835021
31113586
32733697
32070531
32337870
32212731
32779353
32517907
32812941
32796786
32565774
32838760
32410579
32549732
32394017
32485721
32188620
32835110
32754998
30126240
32851618
28248247
32158492
32707184
32285688
32398613
30866964
31412996
32687836
32804209
32668986
32031614
32738051
32669128
32737821
32514654
32655892
32767817
32762752
32695017
32762544
32695474
32669051
32694926
32781319
32695542
32695020
32767883
32668988
32762552
32655951
32695028
32694955
32695019
32655953
32694854
32865328
32655947
32694977
32767826
32694957
32695581
32762758
31824256
30135594
32668987
32737890
32737812
32669111
32767882
32655902
32826138
32834178
32573805
32409360
32759546
32689732
32720349
32729950
31546778
26985508
31070510
29848729
32621347
32734615
32746816
32303062
32122935
32799271
32799774
30780330
32652818
32469579
32541757
32474701
32541795
32541811
32541782
32541798
32541816
32296645
32541819
32541817
32541780
32541797
32541812
32541804
32541827
32374210
32581287
32762561
32800849
32474709
32541832
32541760
32541788
32792505
32541809
32541810
32541826
32541762
27879534
32541833
32541800
32541755
32541764
32762661
32541831
32737895
32541796
32541754
32541759
32541801
32541784
32669065
32541830
32474708
32541824
32541761
28747022
32541822
32474706
32285689
32541770
32738942
30190656
32845108
32814708
32541818
32541790
32795219
32541793
32284770
32541787
32474704
32474703
32541791
32284771
32848575
32541769
32836317
32856638
32841251
32836957
32749280
32117605
30548713
32479014
32856071
32854726
32715903
32834111
32792888
32595698
31702203
32830774
32856871
32842343
32829948
30750070
32793922
32855959
32817160
32775561
32795329
32787467
32122891
32178714
31885736
32807392
32769701
28494606
30426901
32788149
32177588
31241287
32754171
32854547
32176883
30297268
32669090
32488569
32432023
32766492
32864135
32535829
32790542
27582968
32173669
29975736
32741963
32705668
32111688
32650301
32842247
32767377
30201292
32815729
32871376
32866078
32720786
30598856
32741668
32852405
32852139
31801922
32151760
32866447
32811604
32752405
32845346
32856930
32195260
32863463
32722922
32647183
32747119
32695375
32848493
30744564
32814904
32823626
32105110
28840379
32849929
32866153
32438986
32237619
32871337
32871292
32871069
32870935
32870933
32870543
32870340
32869885
32869754
32869560
32869070
30835097
32869449
32869366
32868953
32868809
32868873
32868810
32867895
32867894
32867719
30702563
32867447
32867376
32867088
32867097
32866408
31507052
32865832
32865428
32863185
32629348
32858931
31970420
32487663
32865375
32859854
32854008
32648146
32537048
32857103
32765181
32087223
32860477
32819846
32861741
32815717
32443004
32860098
32848565
32853511
32851599
32848719
32810862
32841847
32816701
32827752
32862581
32623966
32853375
32255507
32528758
32769343
32844306
32865646
32676449
32003680
32854541
32780521
32739836
32562566
32681295
32833769
32821170
32854065
32854066
32833811
32853480
32864311
32814242
32847602
32538884
32774091
31765854
31975968
32852799
30251209
32855903
32848904
32860575
32861441
32851535
32831377
32791968
32669207
31467281
32787365
31955770
32862367
32859617
32840074
32846616
32823206
32760300
32760132
32854877
32828940
32855152
32774677
32671067
32673755
32838759
32841485
32785633
31298252
32774921
32816169
32538770
32855886
32774134
32373462
32813041
32677714
32646719
32811019
32861631
32807410
32864411
32861576
32856230
32784924
32860285
32823925
30213169
32866419
32214892
32007063
32444998
32745042
32629454
32645690
31335869
29080250
32739459
32781140
32500764
32860900
32807872
32846630
32776177
32782765
32669011
32694987
32817124
32820770
32451120
32837236
30824368
32451088
30456452
32798744
32846310
32834412
32819788
32830974
32850465
32840748
31164696
32853802
32796208
30617421
32850551
32529307
32859050
32451086
32831995
32846428
32694018
32745370
32843724
32850493
32850508
30522218
32715178
32795575
32047040
32780167
32138030
31973396
32801655
32828886
31365411
32814930
32650835
32862788
32806687
32694857
32782573
32864593
32694866
32792520
32305250
32689841
32838942
32817344
32481461
32779815
32785771
32541828
32767844
32606462
32481494
32481495
32825424
32072467
32835308
32800988
32723343
32618911
30021253
32732011
31287819
32693877
32755187
32716187
32819934
32811028
32706237
32760510
32160514
32277134
32766751
32847092
32778007
30284204
62330
32608964
32249010
32527588
